10 30
(5, 0, 116)
(5, 9, 163)
(5, 2, 117)
(5, 3, 110)
(5, 7, 169)
(5, 8, 188)
(0, 8, 200)
(0, 4, 113)
(0, 1, 110)
(0, 3, 129)
(0, 6, 101)
(8, 9, 160)
(8, 1, 101)
(8, 2, 146)
(8, 4, 139)
(1, 2, 159)
(1, 7, 145)
(1, 3, 182)
(1, 9, 137)
(2, 7, 184)
(2, 9, 184)
(2, 3, 176)
(2, 6, 133)
(2, 4, 199)
(7, 6, 118)
(7, 3, 172)
(9, 4, 145)
(9, 3, 180)
(4, 3, 148)
(3, 6, 129)
d 4 3
i 4 7 90
s 5 2
u 2 7 56
u 5 0 52
d 1 7
i 1 5 85
d 7 3
d 3 6
i 8 3 47
i 0 7 78
u 8 3 -3
u 2 4 -26
d 5 0
u 5 7 -42
d 8 2
u 0 6 -57
d 0 8
u 2 6 91
d 5 8
u 0 6 42
u 8 1 -53
u 8 9 -39
u 7 4 -51
u 9 4 31
u 2 3 4
u 9 4 -96
i 6 4 82
i 2 8 75
d 0 1
d 1 9
i 6 8 1
i 6 5 78
i 1 6 53
i 7 8 34
u 8 4 -65
d 5 3
u 5 9 -25
u 8 6 -100
s 5 2